solution: [ 15.06550251  13.69388491  13.1677022   12.00760411 919.94099052
   4.89154366  10.50504091  20.70540435  17.82731854]
acc: 7583
2022/08/07 07:43:04 PM, INFO, mealpy.swarm_based.PSO.BasePSO: Solving single objective optimization problem.
2022/08/07 07:43:04 PM, WARNING, mealpy.swarm_based.PSO.BasePSO: Stopping condition mode: Function Evaluation, with maximum value is: 30
solution: [ 19.79191609  17.15750255  29.67009419  30.54461042 180.63064761
  13.61434788   7.7797979    1.85568202   4.40141927]
acc: 2824
solution: [2.04448775e+00 4.92221698e+01 1.47035252e+01 4.63853036e+01
 9.26671366e+02 2.66389833e+00 6.34990729e-01 2.05569004e+01
 7.73433098e+00]
acc: 1784
solution: [  2.32324038  29.72383746   9.76629278  19.31557419 130.77799768
  13.97505068  11.35328031  13.30150884  18.93434638]
acc: 273
solution: [15.51773102 48.42022338 27.13908346 34.62966981 60.70521282 14.47574592
  5.96470748  9.93002404 18.28185778]
acc: 573
solution: [ 15.49171988  33.92131535  47.01202299  31.18003307 299.67750308
  17.6692631   19.06917535   1.22137518  10.23628154]
acc: 3449
solution: [ 18.90922428  27.23024212  31.56149332  32.90322204 677.29861253
  16.65504837   6.79714897  15.78141294  20.10018874]
acc: 8574
solution: [  7.40495446  27.99316336  23.83788875  12.95890408 224.16863155
  16.16912318  17.0331509    2.50862408  14.10221429]
acc: 1084
solution: [ 11.47541849   3.90313095  43.0735807    9.42738155 838.91271944
  16.12515911   1.28938562   8.01321393   5.35124075]
acc: 7746
solution: [ 18.05032085  25.08567803  10.83215205  30.49478698 711.12201808
  16.39270026  20.39866137  19.98950925  18.88955223]
acc: 7386
solution: [ 5.0905573  19.62030849 42.78733402 20.41784482 18.62640534 11.65039313
  5.26113116  2.53720053 15.89576143]
acc: 40
solution: [20.         49.45845035 50.         29.20965458  0.         14.44191378
 18.24743629  7.91520518 13.10583512]
acc: 0
solution: [  15.30654589   45.38684457   37.19085583   45.6112953  1000.
    7.00356991   13.25347844   11.89260289    1.03300321]
acc: 9742
solution: [ 12.24514715  30.66488466  50.          17.23485724 444.99965383
  19.61902623  21.           7.04482437   8.37142878]
acc: 3978
solution: [ 15.25225495   2.92499584  46.05815496  49.41116065 304.61489835
  19.67550887  21.           0.           6.73623736]
acc: 5153
solution: [ 20.          32.31412053  27.1421568   11.88157202 412.97945474
  21.          21.           0.          10.54141822]
acc: 5251
solution: [15.32262187 50.         50.         13.44186454  0.         21.
 21.          0.          0.        ]
acc: 0
solution: [ 12.46801025  25.09759609  50.          32.52699296 511.70876024
  21.          15.91873823   0.           7.0264617 ]
acc: 4386
solution: [ 17.14480271  39.90508245  36.7221838   38.97070962 568.30499469
  18.0642029   17.02123734   5.54026944   0.        ]
acc: 6480
solution: [  7.3738423   38.86899554  50.          50.         118.5780288
  21.           9.61134559   0.           0.        ]
acc: 543
solution: [  6.26739657  41.28599717  44.14138407  38.96351421 111.87766197
  12.46553832   5.82155988   1.7341226    7.76183991]
acc: 518
2022/08/07 08:11:25 PM, INFO, mealpy.swarm_based.PSO.BasePSO: >Epoch: 1, Current best: 18769.0, Global best: 18769.0, Runtime: 1054.34095 seconds
solution: [20.         30.63711497 33.07669592 28.78138876  0.         10.81604227
  6.04628664  8.36334231  6.53147179]
acc: 0
solution: [1.13464448e+01 4.91264835e+01 2.83169149e+01 4.99589661e+01
 1.00000000e+03 3.00380494e+00 7.88716832e+00 1.72384748e+01
 1.31428849e-01]
acc: 7240
solution: [ 20.          24.95466318  50.          33.37329574 806.35299247
  21.          21.           0.           0.        ]
acc: 12600
solution: [ 10.67769743   0.          50.          36.42163747 846.60920724
  21.          21.           0.           0.        ]
acc: 7126
solution: [ 20.          30.33162426  10.95833457   0.         522.27995047
  21.          21.           0.          10.55490682]
acc: 6181
solution: [ 20.          44.92966986  27.37209914  16.35208098 608.07621796
  20.49200892   6.8765496    4.15384765  10.81264336]
acc: 7762
solution: [1.70245073e+01 2.24917303e+01 5.00000000e+01 5.00000000e+01
 7.70480499e+02 2.10000000e+01 1.49158225e+01 0.00000000e+00
 6.58638148e-01]
acc: 9747
solution: [ 17.28738766  50.          45.08691108  50.         264.75321479
  21.          21.           0.           1.8625515 ]
acc: 3399
solution: [  9.03521896  24.3851911    9.81498187  50.         702.74002822
  21.           9.75781545  19.61017581   7.79192022]
acc: 4005
solution: [ 12.4464456   47.41699466  50.          50.         525.94649155
  20.24617889  14.66333018   0.           0.        ]
acc: 4448
2022/08/07 08:25:53 PM, INFO, mealpy.swarm_based.PSO.BasePSO: >Epoch: 2, Current best: 5625.0, Global best: 5625.0, Runtime: 868.33845 seconds
solution: [ 16.32758311  50.          50.          50.         311.74504718
  19.8130802   15.3045626    5.80977211   0.        ]
acc: 3711
solution: [ 20.          47.49923309  50.          50.         868.04307394
  18.85407168  20.52226403   0.           0.        ]
acc: 11963
solution: [ 20.          50.          50.          50.         847.20460273
  21.          21.           0.           0.        ]
acc: 12990
solution: [ 14.48403023   0.          50.          50.         565.86397207
  21.          21.           0.           0.        ]
acc: 6903
solution: [ 15.81776348  48.57742799  36.06435886  39.21253508 647.40496767
  21.          17.26416919   0.           0.        ]
acc: 6471
solution: [ 12.50779797  50.          49.10774256  39.38491391 453.20813818
  21.          15.72509247   0.           0.        ]
acc: 3759
solution: [ 17.01849936  28.44808141  50.          50.         774.26563594
  21.          14.58085717   0.           0.        ]
acc: 10089
solution: [ 10.8818577   50.          50.          50.         344.1207561
  21.          21.           0.           1.02476712]
acc: 2649
solution: [  6.66642441  50.          50.          50.         397.50837539
  21.           8.44212777   0.           0.        ]
acc: 1990
solution: [ 18.00697182  50.          50.          50.         898.56703129
  21.          21.           0.           0.        ]
acc: 12475
2022/08/07 08:47:47 PM, INFO, mealpy.swarm_based.PSO.BasePSO: >Epoch: 3, Current best: 5625.0, Global best: 5625.0, Runtime: 1314.15416 seconds
2022/08/07 08:47:47 PM, WARNING, mealpy.swarm_based.PSO.BasePSO: Stopping criterion with mode Function Evaluation occurred. End program!
[ 12.4464456   47.41699466  50.          50.         525.94649155
  20.24617889  14.66333018   0.           0.        ]
5625.0